Some((
    red: 0.99607843,
    green: 0.50196075,
    blue: 0.09803921,
))