Some((
    red: 0.105882354,
    green: 0.105882354,
    blue: 0.105882354,
    alpha: 1.0,
))