Some((
    red: 0.0610398,
    green: 0.18354428,
    blue: 0.036538914,
))